378125 
172209 
161333 
195125 
198875 
161541 
150875 
144250 
201042 
323458 
304126 
164459 
186167 
219500 
173000 
151459 
147667 
148625 
160042 
160250 
148959 
140667 
149333 
146708 
148000 
142000 
149333 
141542 
208250 
160875 
145791 
144000 
152084 
157125 
208459 
167667 
150917 
144791 
160042 
187791 
214917 
161500 
159500 
141250 
142583 
145792 
161209 
172667 
151875 
170917 
155166 
144667 
154375 
143209 
147666 
142542 
152167 
198042 
165167 
158834 
219333 
211417 
172167 
198209 
165125 
170250 
208209 
172042 
150667 
160584 
210959 
169042 
203625 
181875 
153001 
147959 
147875 
154500 
178958 
166458 
152167 
155125 
143500 
137292 
145041 
140709 
146917 
143541 
146750 
143792 
152000 
200083 
168000 
193791 
160167 
158292 
157209 
192001 
165166 
147667 
230417 
178500 
197834 
165208 
151958 
141542 
142375 
140875 
136708 
164584 
167333 
158542 
160875 
153792 
145500 
149000 
155500 
143417 
152750 
140917 
155791 
161041 
207001 
204917 
215584 
212792 
160750 
217375 
163917 
159000 
202333 
178875 
185583 
156083 
150042 
142042 
142084 
142208 
149001 
142250 
141416 
153584 
154458 
152125 
145834 
136875 
147500 
191375 
144875 
141292 
137833 
150750 
153584 
198417 
158791 
148667 
146042 
147750 
189625 
152500 
153167 
210583 
179667 
157000 
148417 
147333 
141001 
140834 
152916 
145458 
137834 
196875 
150708 
169417 
151667 
139417 
150625 
150333 
150375 
149542 
152667 
140375 
158041 
199459 
155917 
170584 
154292 
150333 
204041 
163084 
149333 
230042 
210542 
211125 
169667 
142625 
148125 
141208 
146750 
154041 
144375 
142334 
164167 
155501 
150334 
139083 
149500 
141334 
142834 
145542 
146917 
141625 
162917 
166334 
153083 
135459 
144042 
141167 
235375 
154125 
148626 
204917 
181250 
162792 
196459 
159167 
154917 
139584 
200792 
162209 
152083 
145333 
156583 
160750 
148542 
139583 
170126 
149083 
149292 
155084 
148042 
138500 
164001 
199125 
167500 
162542 
142458 
144208 
147084 
151959 
148417 
209459 
293291 
208709 
179041 
150458 
151709 
157708 
203709 
169625 
146875 
148084 
142417 
203209 
183500 
155125 
155959 
142042 
148334 
143500 
157500 
147667 
149125 
151334 
152667 
200959 
163250 
145458 
149917 
142792 
141500 
141750 
218167 
198000 
178167 
150625 
156875 
114334 
145292 
205834 
163875 
153625 
149333 
156958 
186291 
159709 
153666 
145667 
143834 
136959 
